  -2.0000000e+00   8.2070093e-03
  -1.9900000e+00   8.2070093e-03
  -1.9800000e+00   8.2070093e-03
  -1.9700000e+00   8.2070093e-03
  -1.9600000e+00   8.2070093e-03
  -1.9500000e+00   8.2070093e-03
  -1.9400000e+00   8.2070092e-03
  -1.9300000e+00   8.2070092e-03
  -1.9200000e+00   8.2070092e-03
  -1.9100000e+00   8.2070092e-03
  -1.9000000e+00   8.2070092e-03
  -1.8900000e+00   8.2070092e-03
  -1.8800000e+00   8.2070092e-03
  -1.8700000e+00   8.2070092e-03
  -1.8600000e+00   8.2070092e-03
  -1.8500000e+00   8.2070092e-03
  -1.8400000e+00   8.2070092e-03
  -1.8300000e+00   8.2070092e-03
  -1.8200000e+00   8.2070091e-03
  -1.8100000e+00   8.2070091e-03
  -1.8000000e+00   8.2070091e-03
  -1.7900000e+00   8.2070091e-03
  -1.7800000e+00   8.2070091e-03
  -1.7700000e+00   8.2070091e-03
  -1.7600000e+00   8.2070091e-03
  -1.7500000e+00   8.2070091e-03
  -1.7400000e+00   8.2070091e-03
  -1.7300000e+00   8.2070091e-03
  -1.7200000e+00   8.2070091e-03
  -1.7100000e+00   8.2070091e-03
  -1.7000000e+00   8.2070091e-03
  -1.6900000e+00   8.2070091e-03
  -1.6800000e+00   8.2070091e-03
  -1.6700000e+00   8.2070091e-03
  -1.6600000e+00   8.2070091e-03
  -1.6500000e+00   8.2070091e-03
  -1.6400000e+00   8.2070091e-03
  -1.6300000e+00   8.2070090e-03
  -1.6200000e+00   8.2070090e-03
  -1.6100000e+00   8.2070090e-03
  -1.6000000e+00   8.2070090e-03
  -1.5900000e+00   8.2070090e-03
  -1.5800000e+00   8.2070090e-03
  -1.5700000e+00   8.2070090e-03
  -1.5600000e+00   8.2070090e-03
  -1.5500000e+00   8.2070090e-03
  -1.5400000e+00   8.2070090e-03
  -1.5300000e+00   8.2070090e-03
  -1.5200000e+00   8.2070090e-03
  -1.5100000e+00   8.2070090e-03
  -1.5000000e+00   8.2070090e-03
  -1.4900000e+00   8.2070090e-03
  -1.4800000e+00   8.2070090e-03
  -1.4700000e+00   8.2070090e-03
  -1.4600000e+00   8.2070090e-03
  -1.4500000e+00   8.2070090e-03
  -1.4400000e+00   8.2070090e-03
  -1.4300000e+00   8.2070090e-03
  -1.4200000e+00   8.2070090e-03
  -1.4100000e+00   8.2070090e-03
  -1.4000000e+00   8.2070090e-03
  -1.3900000e+00   8.2070090e-03
  -1.3800000e+00   8.2070090e-03
  -1.3700000e+00   8.2070090e-03
  -1.3600000e+00   8.2070089e-03
  -1.3500000e+00   8.2070089e-03
  -1.3400000e+00   8.2070089e-03
  -1.3300000e+00   8.2070089e-03
  -1.3200000e+00   8.2070089e-03
  -1.3100000e+00   8.2070089e-03
  -1.3000000e+00   8.2070089e-03
  -1.2900000e+00   8.2070089e-03
  -1.2800000e+00   8.2070089e-03
  -1.2700000e+00   8.2070089e-03
  -1.2600000e+00   8.2070089e-03
  -1.2500000e+00   8.2070089e-03
  -1.2400000e+00   8.2070089e-03
  -1.2300000e+00   8.2070089e-03
  -1.2200000e+00   8.2070089e-03
  -1.2100000e+00   8.2070089e-03
  -1.2000000e+00   8.2070089e-03
  -1.1900000e+00   8.2070089e-03
  -1.1800000e+00   8.2070089e-03
  -1.1700000e+00   8.2070089e-03
  -1.1600000e+00   8.2070088e-03
  -1.1500000e+00   8.2070088e-03
  -1.1400000e+00   8.2070088e-03
  -1.1300000e+00   8.2070088e-03
  -1.1200000e+00   8.2070088e-03
  -1.1100000e+00   8.2070088e-03
  -1.1000000e+00   8.2070088e-03
  -1.0900000e+00   8.2070088e-03
  -1.0800000e+00   8.2070088e-03
  -1.0700000e+00   8.2070088e-03
  -1.0600000e+00   8.2070088e-03
  -1.0500000e+00   8.2070088e-03
  -1.0400000e+00   8.2070087e-03
  -1.0300000e+00   8.2070087e-03
  -1.0200000e+00   8.2070087e-03
  -1.0100000e+00   8.2070087e-03
  -1.0000000e+00   8.2070087e-03
  -9.9000000e-01   8.2070087e-03
  -9.8000000e-01   8.2070087e-03
  -9.7000000e-01   8.2070087e-03
  -9.6000000e-01   8.2070086e-03
  -9.5000000e-01   8.2070086e-03
  -9.4000000e-01   8.2070086e-03
  -9.3000000e-01   8.2070086e-03
  -9.2000000e-01   8.2070086e-03
  -9.1000000e-01   8.2070086e-03
  -9.0000000e-01   8.2070086e-03
  -8.9000000e-01   8.2070085e-03
  -8.8000000e-01   8.2070085e-03
  -8.7000000e-01   8.2070085e-03
  -8.6000000e-01   8.2070085e-03
  -8.5000000e-01   8.2070085e-03
  -8.4000000e-01   8.2070084e-03
  -8.3000000e-01   8.2070084e-03
  -8.2000000e-01   8.2070084e-03
  -8.1000000e-01   8.2070084e-03
  -8.0000000e-01   8.2070083e-03
  -7.9000000e-01   8.2070083e-03
  -7.8000000e-01   8.2070083e-03
  -7.7000000e-01   8.2070083e-03
  -7.6000000e-01   8.2070082e-03
  -7.5000000e-01   8.2070082e-03
  -7.4000000e-01   8.2070082e-03
  -7.3000000e-01   8.2070081e-03
  -7.2000000e-01   8.2070081e-03
  -7.1000000e-01   8.2070081e-03
  -7.0000000e-01   8.2070080e-03
  -6.9000000e-01   8.2070080e-03
  -6.8000000e-01   8.2070080e-03
  -6.7000000e-01   8.2070079e-03
  -6.6000000e-01   8.2070079e-03
  -6.5000000e-01   8.2070078e-03
  -6.4000000e-01   8.2070078e-03
  -6.3000000e-01   8.2070077e-03
  -6.2000000e-01   8.2070077e-03
  -6.1000000e-01   8.2070076e-03
  -6.0000000e-01   8.2070075e-03
  -5.9000000e-01   8.2070075e-03
  -5.8000000e-01   8.2070074e-03
  -5.7000000e-01   8.2070073e-03
  -5.6000000e-01   8.2070072e-03
  -5.5000000e-01   8.2070072e-03
  -5.4000000e-01   8.2070071e-03
  -5.3000000e-01   8.2070069e-03
  -5.2000000e-01   8.2070068e-03
  -5.1000000e-01   8.2070067e-03
  -5.0000000e-01   8.2070065e-03
  -4.9000000e-01   8.2070063e-03
  -4.8000000e-01   8.2070060e-03
  -4.7000000e-01   8.2070057e-03
  -4.6000000e-01   8.2070054e-03
  -4.5000000e-01   8.2070049e-03
  -4.4000000e-01   8.2070044e-03
  -4.3000000e-01   8.2070037e-03
  -4.2000000e-01   8.2070028e-03
  -4.1000000e-01   8.2070017e-03
  -4.0000000e-01   8.2070004e-03
  -3.9000000e-01   8.2069986e-03
  -3.8000000e-01   8.2069964e-03
  -3.7000000e-01   8.2069935e-03
  -3.6000000e-01   8.2069898e-03
  -3.5000000e-01   8.2069851e-03
  -3.4000000e-01   8.2069791e-03
  -3.3000000e-01   8.2069712e-03
  -3.2000000e-01   8.2069611e-03
  -3.1000000e-01   8.2069481e-03
  -3.0000000e-01   8.2069314e-03
  -2.9000000e-01   8.2069097e-03
  -2.8000000e-01   8.2068817e-03
  -2.7000000e-01   8.2068454e-03
  -2.6000000e-01   8.2067986e-03
  -2.5000000e-01   8.2067381e-03
  -2.4000000e-01   8.2066598e-03
  -2.3000000e-01   8.2065586e-03
  -2.2000000e-01   8.2064276e-03
  -2.1000000e-01   8.2062582e-03
  -2.0000000e-01   8.2060390e-03
  -1.9000000e-01   8.2057555e-03
  -1.8000000e-01   8.2053888e-03
  -1.7000000e-01   8.2049144e-03
  -1.6000000e-01   8.2043007e-03
  -1.5000000e-01   8.2035071e-03
  -1.4000000e-01   8.2024807e-03
  -1.3000000e-01   8.2011537e-03
  -1.2000000e-01   8.1994385e-03
  -1.1000000e-01   8.1972221e-03
  -1.0000000e-01   8.1943594e-03
  -9.0000000e-02   8.1906640e-03
  -8.0000000e-02   8.1858972e-03
  -7.0000000e-02   8.1797540e-03
  -6.0000000e-02   8.1718466e-03
  -5.0000000e-02   8.1616839e-03
  -4.0000000e-02   8.1486482e-03
  -3.0000000e-02   8.1319683e-03
  -2.0000000e-02   8.1106920e-03
  -1.0000000e-02   8.0836573e-03
   0.0000000e+00   8.0494701e-03
   1.0000000e-02   8.0064902e-03
   2.0000000e-02   7.9528354e-03
   3.0000000e-02   7.8864103e-03
   4.0000000e-02   7.8049672e-03
   5.0000000e-02   7.7062011e-03
   6.0000000e-02   7.5878737e-03
   7.0000000e-02   7.4479542e-03
   8.0000000e-02   7.2847555e-03
   9.0000000e-02   7.0970429e-03
   1.0000000e-01   6.8840983e-03
   1.1000000e-01   6.6457299e-03
   1.2000000e-01   6.3822336e-03
   1.3000000e-01   6.0943175e-03
   1.4000000e-01   5.7830076e-03
   1.5000000e-01   5.4495500e-03
   1.6000000e-01   5.0953215e-03
   1.7000000e-01   4.7217555e-03
   1.8000000e-01   4.3302846e-03
   1.9000000e-01   3.9222999e-03
   2.0000000e-01   3.4991244e-03
   2.1000000e-01   3.0619965e-03
   2.2000000e-01   2.6120633e-03
   2.3000000e-01   2.1503782e-03
   2.4000000e-01   1.6779031e-03
   2.5000000e-01   1.1955130e-03
   2.6000000e-01   7.0400169e-04
   2.7000000e-01   2.0408800e-04
   2.8000000e-01  -3.0357732e-04
   2.9000000e-01  -8.1840539e-04
   3.0000000e-01  -1.3398631e-03
   3.1000000e-01  -1.8674673e-03
   3.2000000e-01  -2.4007801e-03
   3.3000000e-01  -2.9394035e-03
   3.4000000e-01  -3.4829760e-03
   3.5000000e-01  -4.0311681e-03
   3.6000000e-01  -4.5836792e-03
   3.7000000e-01  -5.1402350e-03
   3.8000000e-01  -5.7005840e-03
   3.9000000e-01  -6.2644957e-03
   4.0000000e-01  -6.8317581e-03
   4.1000000e-01  -7.4021753e-03
   4.2000000e-01  -7.9755656e-03
   4.3000000e-01  -8.5517580e-03
   4.4000000e-01  -9.1305887e-03
   4.5000000e-01  -9.7118936e-03
   4.6000000e-01  -1.0295497e-02
   4.7000000e-01  -1.0881186e-02
   4.8000000e-01  -1.1468666e-02
   4.9000000e-01  -1.2057469e-02
   5.0000000e-01  -1.2646773e-02
   5.1000000e-01  -1.3235051e-02
   5.2000000e-01  -1.3819419e-02
   5.3000000e-01  -1.4394516e-02
   5.4000000e-01  -1.4950915e-02
   5.5000000e-01  -1.5473824e-02
   5.6000000e-01  -1.5944272e-02
   5.7000000e-01  -1.6344923e-02
   5.8000000e-01  -1.6667761e-02
   5.9000000e-01  -1.6916626e-02
   6.0000000e-01  -1.7103057e-02
   6.1000000e-01  -1.7240644e-02
   6.2000000e-01  -1.7341649e-02
   6.3000000e-01  -1.7415916e-02
   6.4000000e-01  -1.7470946e-02
   6.5000000e-01  -1.7512329e-02
   6.6000000e-01  -1.7544206e-02
   6.7000000e-01  -1.7569644e-02
   6.8000000e-01  -1.7590925e-02
   6.9000000e-01  -1.7609755e-02
   7.0000000e-01  -1.7627419e-02
   7.1000000e-01  -1.7644891e-02
   7.2000000e-01  -1.7662915e-02
   7.3000000e-01  -1.7682063e-02
   7.4000000e-01  -1.7702783e-02
   7.5000000e-01  -1.7725425e-02
   7.6000000e-01  -1.7750269e-02
   7.7000000e-01  -1.7777544e-02
   7.8000000e-01  -1.7807437e-02
   7.9000000e-01  -1.7840108e-02
   8.0000000e-01  -1.7875694e-02
   8.1000000e-01  -1.7914318e-02
   8.2000000e-01  -1.7956091e-02
   8.3000000e-01  -1.8001116e-02
   8.4000000e-01  -1.8049493e-02
   8.5000000e-01  -1.8101315e-02
   8.6000000e-01  -1.8156678e-02
   8.7000000e-01  -1.8215675e-02
   8.8000000e-01  -1.8278400e-02
   8.9000000e-01  -1.8344948e-02
   9.0000000e-01  -1.8415417e-02
   9.1000000e-01  -1.8489907e-02
   9.2000000e-01  -1.8568521e-02
   9.3000000e-01  -1.8651365e-02
   9.4000000e-01  -1.8738548e-02
   9.5000000e-01  -1.8830182e-02
   9.6000000e-01  -1.8926385e-02
   9.7000000e-01  -1.9027277e-02
   9.8000000e-01  -1.9132982e-02
   9.9000000e-01  -1.9243630e-02
   1.0000000e+00  -1.9359353e-02
   1.0100000e+00  -1.9480289e-02
   1.0200000e+00  -1.9606579e-02
   1.0300000e+00  -1.9738369e-02
   1.0400000e+00  -1.9875809e-02
   1.0500000e+00  -2.0019054e-02
   1.0600000e+00  -2.0168263e-02
   1.0700000e+00  -2.0323599e-02
   1.0800000e+00  -2.0485230e-02
   1.0900000e+00  -2.0653326e-02
   1.1000000e+00  -2.0828063e-02
   1.1100000e+00  -2.1009619e-02
   1.1200000e+00  -2.1198176e-02
   1.1300000e+00  -2.1393918e-02
   1.1400000e+00  -2.1597033e-02
   1.1500000e+00  -2.1807710e-02
   1.1600000e+00  -2.2026139e-02
   1.1700000e+00  -2.2252512e-02
   1.1800000e+00  -2.2487022e-02
   1.1900000e+00  -2.2729858e-02
   1.2000000e+00  -2.2981210e-02
   1.2100000e+00  -2.3241267e-02
   1.2200000e+00  -2.3510211e-02
   1.2300000e+00  -2.3788222e-02
   1.2400000e+00  -2.4075473e-02
   1.2500000e+00  -2.4372132e-02
   1.2600000e+00  -2.4678355e-02
   1.2700000e+00  -2.4994290e-02
   1.2800000e+00  -2.5320076e-02
   1.2900000e+00  -2.5655834e-02
   1.3000000e+00  -2.6001676e-02
   1.3100000e+00  -2.6357694e-02
   1.3200000e+00  -2.6723966e-02
   1.3300000e+00  -2.7100548e-02
   1.3400000e+00  -2.7487478e-02
   1.3500000e+00  -2.7884774e-02
   1.3600000e+00  -2.8292429e-02
   1.3700000e+00  -2.8710414e-02
   1.3800000e+00  -2.9138678e-02
   1.3900000e+00  -2.9577144e-02
   1.4000000e+00  -3.0025711e-02
   1.4100000e+00  -3.0484255e-02
   1.4200000e+00  -3.0952629e-02
   1.4300000e+00  -3.1430661e-02
   1.4400000e+00  -3.1918158e-02
   1.4500000e+00  -3.2414909e-02
   1.4600000e+00  -3.2920680e-02
   1.4700000e+00  -3.3435223e-02
   1.4800000e+00  -3.3958271e-02
   1.4900000e+00  -3.4489548e-02
   1.5000000e+00  -3.5028762e-02
   1.5100000e+00  -3.5575614e-02
   1.5200000e+00  -3.6129800e-02
   1.5300000e+00  -3.6691007e-02
   1.5400000e+00  -3.7258923e-02
   1.5500000e+00  -3.7833232e-02
   1.5600000e+00  -3.8413622e-02
   1.5700000e+00  -3.8999783e-02
   1.5800000e+00  -3.9591409e-02
   1.5900000e+00  -4.0188201e-02
   1.6000000e+00  -4.0789865e-02
   1.6100000e+00  -4.1396117e-02
   1.6200000e+00  -4.2006684e-02
   1.6300000e+00  -4.2621299e-02
   1.6400000e+00  -4.3239707e-02
   1.6500000e+00  -4.3861666e-02
   1.6600000e+00  -4.4486942e-02
   1.6700000e+00  -4.5115314e-02
   1.6800000e+00  -4.5746571e-02
   1.6900000e+00  -4.6380514e-02
   1.7000000e+00  -4.7016957e-02
   1.7100000e+00  -4.7655721e-02
   1.7200000e+00  -4.8296640e-02
   1.7300000e+00  -4.8939557e-02
   1.7400000e+00  -4.9584327e-02
   1.7500000e+00  -5.0230812e-02
   1.7600000e+00  -5.0878884e-02
   1.7700000e+00  -5.1528424e-02
   1.7800000e+00  -5.2179320e-02
   1.7900000e+00  -5.2831469e-02
   1.8000000e+00  -5.3484775e-02
   1.8100000e+00  -5.4139149e-02
   1.8200000e+00  -5.4794507e-02
   1.8300000e+00  -5.5450773e-02
   1.8400000e+00  -5.6107875e-02
   1.8500000e+00  -5.6765748e-02
   1.8600000e+00  -5.7424332e-02
   1.8700000e+00  -5.8083568e-02
   1.8800000e+00  -5.8743407e-02
   1.8900000e+00  -5.9403800e-02
   1.9000000e+00  -6.0064701e-02
   1.9100000e+00  -6.0726072e-02
   1.9200000e+00  -6.1387874e-02
   1.9300000e+00  -6.2050072e-02
   1.9400000e+00  -6.2712634e-02
   1.9500000e+00  -6.3375531e-02
   1.9600000e+00  -6.4038736e-02
   1.9700000e+00  -6.4702224e-02
   1.9800000e+00  -6.5365972e-02
   1.9900000e+00  -6.6029959e-02
   2.0000000e+00  -6.6694165e-02
